-1.93945  0.00000  0.00069
-1.21387  0.00098  0.00143
-0.82227  0.00195  0.00211
2.80957  0.08691  0.07975
0.23242  0.00586  0.00606
-0.46680  0.00293  0.00301
0.93457  0.01270  0.01223
1.44629  0.02148  0.02040
1.01855  0.01367  0.01330
-1.64355  0.00000  0.00093
2.24707  0.04883  0.04544
-0.94141  0.00098  0.00187
-0.66602  0.00195  0.00247
1.72754  0.02832  0.02703
0.92578  0.01270  0.01212
-2.85840  0.00000  0.00028
-2.76465  0.00000  0.00030
2.88379  0.09375  0.08590
-2.96191  0.00000  0.00025
1.58398  0.02539  0.02341
-2.22266  0.00000  0.00052
-0.39648  0.00293  0.00323
-2.39941  0.00000  0.00044
2.39746  0.05566  0.05282
-0.24023  0.00391  0.00378
-1.68262  0.00000  0.00089
1.97754  0.03711  0.03471
-1.91895  0.00000  0.00070
-0.48633  0.00293  0.00295
-1.82031  0.00000  0.00078
1.02734  0.01367  0.01342
0.36328  0.00684  0.00691
0.86914  0.01172  0.01146
1.14941  0.01562  0.01516
1.14258  0.01465  0.01506
-1.99219  0.00000  0.00066
2.29199  0.05078  0.04753
-0.45996  0.00293  0.00303
0.00098  0.00488  0.00481
-0.63672  0.00195  0.00254
-1.83984  0.00000  0.00076
-1.83398  0.00000  0.00077
2.53906  0.06250  0.06085
-1.92285  0.00000  0.00070
0.77539  0.01074  0.01043
0.13086  0.00586  0.00548
-0.18848  0.00391  0.00398
-0.92285  0.00195  0.00191
2.59375  0.06738  0.06427
-1.95312  0.00000  0.00068
-1.09375  0.00098  0.00161
2.94141  0.09863  0.09099
-0.04395  0.00488  0.00460
2.26172  0.04980  0.04611
-1.49316  0.00098  0.00108
2.97363  0.10156  0.09397
1.88477  0.03320  0.03163
-1.74023  0.00000  0.00084
-0.67285  0.00195  0.00245
-0.44727  0.00293  0.00307
0.82129  0.01172  0.01092
-2.15820  0.00000  0.00055
-1.37305  0.00098  0.00122
-1.87207  0.00000  0.00074

2.49121  0.05762  0.05561
-2.20410  0.00000  0.00051
-2.65332  0.00000  0.00032
1.19824  0.01562  0.01526
1.06738  0.01367  0.01339
2.92480  0.09277  0.08580
0.48535  0.00684  0.00748
-1.56738  0.00098  0.00096
-0.98535  0.00098  0.00172
0.04492  0.00488  0.00482
2.79785  0.08105  0.07557
-1.40332  0.00098  0.00113
-2.65430  0.00000  0.00032
0.92676  0.01172  0.01163
-0.15527  0.00391  0.00394
-2.07227  0.00000  0.00058
2.48340  0.05762  0.05518
2.15820  0.04297  0.03986
-1.43066  0.00098  0.00110
-0.80469  0.00195  0.00206
1.02246  0.01367  0.01280
1.73145  0.02734  0.02602
-1.48633  0.00098  0.00104
1.55664  0.02344  0.02184
1.75098  0.02734  0.02653
-1.49414  0.00098  0.00103
0.16699  0.00586  0.00544
2.77539  0.07910  0.07389
1.48047  0.02148  0.02024
-2.65137  0.00000  0.00032
0.83594  0.01074  0.01062
0.67969  0.00977  0.00909
2.35352  0.05176  0.04846
-0.88184  0.00195  0.00191
1.80469  0.02930  0.02799
-0.34473  0.00293  0.00326
1.72266  0.02734  0.02579
-0.55469  0.00195  0.00264
-2.41895  0.00000  0.00041
2.91797  0.09277  0.08522
0.52637  0.00781  0.00780
0.04785  0.00488  0.00483
1.11523  0.01465  0.01405
0.56250  0.00781  0.00808
-0.81055  0.00195  0.00205
-2.45605  0.00000  0.00040
-1.71680  0.00000  0.00083
-1.48438  0.00098  0.00104
-2.61621  0.00000  0.00034
2.74316  0.07617  0.07155
-2.87891  0.00000  0.00026
-0.68066  0.00195  0.00233
-1.27344  0.00098  0.00129
0.81445  0.01074  0.01040
2.10840  0.04102  0.03793
-0.54492  0.00195  0.00267
-0.38281  0.00293  0.00314
1.94922  0.03320  0.03234
-2.92871  0.00000  0.00025
-2.35156  0.00000  0.00044
-2.38867  0.00000  0.00042
0.70996  0.00977  0.00937
-0.68066  0.00195  0.00233
-0.12988  0.00391  0.00404

-0.56738  0.00195  0.00252
1.73633  0.02637  0.02523
0.15723  0.00488  0.00520
1.48145  0.02051  0.01955
-2.83984  0.00000  0.00026
-1.62891  0.00000  0.00087
-1.58105  0.00000  0.00091
2.09473  0.03809  0.03610
1.42871  0.01953  0.01855
1.44434  0.01953  0.01884
-1.39941  0.00098  0.00110
-2.22363  0.00000  0.00048
-0.88574  0.00098  0.00183
0.52344  0.00684  0.00750
-0.21680  0.00293  0.00358
0.18848  0.00586  0.00537
-0.76562  0.00195  0.00207
1.78906  0.02734  0.02659
-0.30176  0.00293  0.00329
1.82129  0.02832  0.02746
0.64160  0.00879  0.00844
0.22363  0.00586  0.00556
1.60059  0.02344  0.02202
-2.80469  0.00000  0.00027
-1.21680  0.00098  0.00132
-0.84375  0.00195  0.00191
-0.91602  0.00098  0.00178
2.87793  0.08594  0.07900
2.90039  0.08789  0.08080
2.00391  0.03418  0.03297
2.78125  0.07715  0.07172
-2.86914  0.00000  0.00025
-1.71680  0.00000  0.00080
2.09473  0.03809  0.03610
1.51172  0.02148  0.02015
-0.78613  0.00195  0.00202
1.21875  0.01465  0.01503
-1.70020  0.00000  0.00081
-0.97949  0.00098  0.00167
0.39941  0.00684  0.00663
2.23535  0.04492  0.04155
2.79492  0.07812  0.07271
1.94824  0.03223  0.03118
-0.06250  0.00391  0.00417
-1.03613  0.00098  0.00158
-0.60449  0.00195  0.00243
-0.22852  0.00293  0.00354
0.32129  0.00586  0.00613
-1.83203  0.00000  0.00071
2.31543  0.04883  0.04501
-0.78027  0.00195  0.00204
-0.65039  0.00195  0.00232
-2.20801  0.00000  0.00049
-0.57812  0.00195  0.00249
-1.37500  0.00098  0.00112
2.19336  0.04297  0.03984
1.06543  0.01367  0.01290
-0.85352  0.00098  0.00189
0.49609  0.00684  0.00730
1.49609  0.02148  0.01984
1.53418  0.02246  0.02061
1.06055  0.01367  0.01283
1.22852  0.01465  0.01518
2.52637  0.05762  0.05559

-2.88672  0.00000  0.00025
1.56641  0.02246  0.02136
1.13770  0.01367  0.01391
0.57520  0.00781  0.00793
-1.06152  0.00098  0.00154
1.20801  0.01465  0.01493
-1.91406  0.00000  0.00066
0.28125  0.00586  0.00591
2.95508  0.09277  0.08565
-1.11621  0.00098  0.00146
-1.30469  0.00098  0.00121
-2.77930  0.00000  0.00028
1.74512  0.02637  0.02554
1.18262  0.01465  0.01455
0.49902  0.00684  0.00735
0.29492  0.00586  0.00599
-2.70996  0.00000  0.00030
-1.68945  0.00000  0.00082
-1.08105  0.00098  0.00151
-2.54004  0.00000  0.00035
-2.46191  0.00000  0.00038
2.91406  0.08887  0.08221
2.68750  0.06836  0.06554
2.60645  0.06152  0.06044
0.81836  0.01074  0.01011
0.16602  0.00488  0.00527
-2.69629  0.00000  0.00030
-1.24219  0.00098  0.00129
-1.44238  0.00098  0.00105
2.58301  0.06055  0.05904
-0.28809  0.00293  0.00334
-2.24805  0.00000  0.00047
-0.96289  0.00098  0.00170
-0.96387  0.00098  0.00170
-2.57227  0.00000  0.00034
2.86230  0.08398  0.07806
2.16309  0.04199  0.03879
-0.04297  0.00391  0.00427
-1.36914  0.00098  0.00113
2.38086  0.05176  0.04823
0.97070  0.01270  0.01177
-0.08691  0.00391  0.00409
0.11230  0.00488  0.00499
1.27051  0.01562  0.01589
-0.04492  0.00391  0.00426
1.41699  0.01953  0.01840
-0.02246  0.00391  0.00436
2.24805  0.04590  0.04223
0.37793  0.00684  0.00651
1.83789  0.02930  0.02802
-1.43945  0.00098  0.00106
-0.60547  0.00195  0.00243
-1.49316  0.00098  0.00100
-1.07129  0.00098  0.00153
-1.85156  0.00000  0.00070
1.81250  0.02832  0.02732
2.52637  0.05762  0.05579
0.15039  0.00488  0.00518
0.93164  0.01172  0.01132
0.65430  0.00879  0.00858
0.92090  0.01172  0.01120
1.89941  0.03027  0.02980
1.49512  0.02148  0.01989
0.64453  0.00879  0.00850

-1.58301  0.00000  0.00072
-1.73242  0.00000  0.00062
2.43945  0.04102  0.04025
2.74707  0.05469  0.05475
-0.03125  0.00293  0.00340
1.97266  0.02539  0.02524
2.00000  0.02539  0.02594
-0.74316  0.00098  0.00167
2.61719  0.04883  0.04808
-2.04590  0.00000  0.00045
2.87891  0.06055  0.06246
-0.46484  0.00195  0.00221
-2.28516  0.00000  0.00036
0.00781  0.00293  0.00354
1.25586  0.01172  0.01232
2.34961  0.03711  0.03679
2.59863  0.04785  0.04720
-2.61035  0.00000  0.00026
1.15918  0.01074  0.01119
-1.60645  0.00000  0.00070
-2.44824  0.00000  0.00030
1.68848  0.01855  0.01899
0.61328  0.00586  0.00648
-2.69141  0.00000  0.00024
-1.68457  0.00000  0.00065
2.70312  0.05273  0.05239
-1.00879  0.00098  0.00128
-0.95508  0.00098  0.00135
-2.04785  0.00000  0.00045
2.55469  0.04590  0.04517
-0.67773  0.00098  0.00178
0.07520  0.00293  0.00378
0.19922  0.00391  0.00428
-1.02539  0.00098  0.00126
-2.00000  0.00000  0.00048
-2.88770  0.00000  0.00020
2.48438  0.04297  0.04210
2.17285  0.02930  0.03083
0.34863  0.00488  0.00497
-0.12012  0.00293  0.00311
-1.64941  0.00000  0.00067
-1.47559  0.00000  0.00080
1.97168  0.02539  0.02521
2.90625  0.06152  0.06419
1.94531  0.02441  0.02456
1.81836  0.02148  0.02163
-2.42188  0.00000  0.00031
1.05859  0.00977  0.01012
0.23633  0.00391  0.00445
1.97949  0.02539  0.02541
0.49121  0.00586  0.00574
-2.85840  0.00000  0.00020
-2.11426  0.00000  0.00042
-0.35742  0.00195  0.00246
-1.62598  0.00000  0.00069
-2.78516  0.00000  0.00022
2.92969  0.06348  0.06572
2.27051  0.03320  0.03399
-0.22852  0.00195  0.00279
2.80078  0.05664  0.05777
1.55566  0.01562  0.01663
1.86426  0.02246  0.02264
0.43066  0.00488  0.00540
1.01953  0.00977  0.00973

0.05176  0.00391  0.00430
0.61816  0.00684  0.00757
0.78223  0.00879  0.00892
-2.26562  0.00000  0.00042
1.77930  0.02539  0.02418
-1.90918  0.00000  0.00060
1.74219  0.02441  0.02330
0.03516  0.00391  0.00423
2.94629  0.08301  0.07768
1.04980  0.01172  0.01166
0.03125  0.00391  0.00421
0.74902  0.00879  0.00863
0.95605  0.01074  0.01062
2.76074  0.06641  0.06452
-1.14258  0.00098  0.00130
-1.96680  0.00000  0.00057
0.74023  0.00879  0.00856
0.95508  0.01074  0.01061
-2.81934  0.00000  0.00024
0.90625  0.01074  0.01010
-1.32324  0.00098  0.00109
-1.68652  0.00000  0.00076
-0.67480  0.00195  0.00208
-1.41602  0.00098  0.00099
-2.96484  0.00000  0.00021
-1.56543  0.00000  0.00085
0.96387  0.01074  0.01070
1.11523  0.01270  0.01245
-2.09668  0.00000  0.00050
2.91016  0.08008  0.07492
2.67578  0.06055  0.05927
-0.49023  0.00195  0.00250
0.10449  0.00391  0.00453
0.70215  0.00781  0.00824
-2.81543  0.00000  0.00024
-1.82324  0.00000  0.00066
0.76172  0.00879  0.00874
2.90137  0.07910  0.07427
1.39258  0.01660  0.01643
1.67480  0.02344  0.02178
-1.01562  0.00098  0.00148
-1.69141  0.00000  0.00075
0.04688  0.00391  0.00428
1.78223  0.02539  0.02425
-0.32129  0.00293  0.00296
0.52930  0.00684  0.00693
0.74316  0.00879  0.00858
-2.96680  0.00000  0.00021
2.28320  0.04297  0.04003
1.91895  0.02832  0.02781
2.75977  0.06641  0.06446
0.93457  0.01074  0.01039
2.78223  0.06836  0.06593
-1.83398  0.00000  0.00065
-2.63574  0.00000  0.00029
-2.08984  0.00000  0.00050
2.46191  0.05078  0.04786
-0.37793  0.00293  0.00280
1.05176  0.01172  0.01168
2.77148  0.06738  0.06522
-2.12305  0.00000  0.00049
-2.84375  0.00000  0.00024
-0.41309  0.00195  0.00270
1.85547  0.02734  0.02610

2.71973  0.07422  0.06921
1.19727  0.01465  0.01510
-1.65332  0.00000  0.00087
2.99121  0.09863  0.09079
1.63477  0.02539  0.02339
-2.26758  0.00000  0.00047
-0.43945  0.00293  0.00294
-0.42773  0.00293  0.00297
0.72559  0.00977  0.00942
2.02539  0.03711  0.03456
2.37109  0.05273  0.04884
-1.33008  0.00098  0.00121
1.38965  0.01953  0.01830
-0.89941  0.00098  0.00186
-2.65918  0.00000  0.00032
2.28125  0.04785  0.04464
-0.43945  0.00293  0.00294
2.99805  0.09961  0.09142
-2.63477  0.00000  0.00033
0.08301  0.00488  0.00495
0.59180  0.00879  0.00824
1.99805  0.03516  0.03363
-1.81348  0.00000  0.00074
0.70703  0.00977  0.00925
-1.63965  0.00000  0.00088
-2.55762  0.00000  0.00035
0.38281  0.00684  0.00669
2.67676  0.07031  0.06630
-1.59570  0.00000  0.00092
-1.06152  0.00098  0.00158
0.16797  0.00586  0.00539
0.04590  0.00488  0.00477
-0.02734  0.00391  0.00444
0.85840  0.01172  0.01076
2.35742  0.05176  0.04817
0.23145  0.00586  0.00575
-0.84082  0.00195  0.00197
-1.94141  0.00000  0.00065
-0.95215  0.00098  0.00176
-1.02051  0.00098  0.00164
-1.58789  0.00000  0.00093
2.30957  0.04980  0.04592
1.21387  0.01562  0.01535
-2.61035  0.00000  0.00034
1.24121  0.01562  0.01578
0.53418  0.00781  0.00778
-2.72949  0.00000  0.00030
2.84961  0.08594  0.07880
0.83008  0.01074  0.01046
1.13477  0.01465  0.01418
0.89844  0.01172  0.01120
-0.12402  0.00391  0.00403
0.95410  0.01270  0.01184
-1.30371  0.00098  0.00124
2.83203  0.08398  0.07743
-1.96191  0.00000  0.00064
0.12793  0.00488  0.00518
-0.15527  0.00391  0.00390
-0.03223  0.00391  0.00442
-1.50781  0.00098  0.00101
0.21973  0.00586  0.00568
-2.46973  0.00000  0.00039
-0.22656  0.00293  0.00364
-1.37598  0.00098  0.00115

2.60840  0.06543  0.06350
1.89453  0.03125  0.03110
-2.30762  0.00000  0.00047
-2.09375  0.00000  0.00058
-2.43066  0.00000  0.00041
1.04492  0.01367  0.01330
-1.52148  0.00098  0.00102
2.71777  0.07520  0.07084
-0.24707  0.00293  0.00365
1.84863  0.03027  0.02970
0.78711  0.01074  0.01028
-1.62891  0.00000  0.00092
-2.73535  0.00000  0.00030
2.96875  0.09766  0.09105
1.41113  0.02051  0.01918
0.29785  0.00586  0.00630
2.03516  0.03809  0.03579
-2.95605  0.00000  0.00024
-1.92969  0.00000  0.00068
0.20801  0.00586  0.00576
-0.20020  0.00391  0.00383
0.56250  0.00781  0.00821
1.48926  0.02246  0.02074
2.17480  0.04395  0.04116
1.03418  0.01367  0.01316
-0.38477  0.00293  0.00318
2.03711  0.03809  0.03586
-0.68652  0.00195  0.00235
-2.90332  0.00000  0.00026
-2.98730  0.00000  0.00024
-1.57129  0.00098  0.00097
0.13867  0.00488  0.00537
0.43555  0.00684  0.00723
2.45801  0.05664  0.05463
-0.43262  0.00293  0.00303
-0.23730  0.00293  0.00369
-2.41504  0.00000  0.00042
-0.42676  0.00293  0.00305
0.22754  0.00586  0.00587
-1.48730  0.00098  0.00106
1.17676  0.01465  0.01517
0.02637  0.00488  0.00480
-2.75098  0.00000  0.00030
0.41992  0.00684  0.00712
2.74219  0.07812  0.07259
0.77148  0.01074  0.01012
-1.60742  0.00000  0.00094
-2.35352  0.00000  0.00044
2.64844  0.06934  0.06609
-0.78125  0.00195  0.00214
-0.18066  0.00391  0.00390
-0.87402  0.00195  0.00195
-2.80566  0.00000  0.00028
1.75879  0.02832  0.02715
2.92383  0.09375  0.08705
0.68359  0.00977  0.00926
2.27051  0.04883  0.04529
-2.60449  0.00000  0.00035
-1.12891  0.00098  0.00151
-2.88965  0.00000  0.00026
0.96484  0.01270  0.01227
-1.31445  0.00098  0.00126
0.30664  0.00586  0.00636
1.63574  0.02539  0.02401

-0.73730  0.00098  0.00180
2.25000  0.03516  0.03575
-0.45996  0.00195  0.00238
-2.13086  0.00000  0.00045
1.91797  0.02539  0.02565
1.23730  0.01270  0.01298
2.48730  0.04590  0.04532
-2.69922  0.00000  0.00025
0.03223  0.00293  0.00389
1.16406  0.01172  0.01207
0.76367  0.00781  0.00809
0.45410  0.00586  0.00593
2.81543  0.06055  0.06292
-0.41895  0.00195  0.00248
-0.23145  0.00293  0.00299
-2.94238  0.00000  0.00020
-1.81445  0.00000  0.00061
-1.94141  0.00000  0.00054
2.82422  0.06152  0.06348
2.40918  0.04297  0.04191
-2.47168  0.00000  0.00032
2.68555  0.05469  0.05526
0.30957  0.00488  0.00513
2.71973  0.05664  0.05718
-1.72461  0.00000  0.00067
-2.75488  0.00000  0.00024
-2.12207  0.00000  0.00045
-0.60840  0.00195  0.00205
1.41309  0.01465  0.01548
1.14062  0.01172  0.01179
2.08984  0.02930  0.03046
-2.65039  0.00000  0.00027
-1.03906  0.00098  0.00133
-1.44336  0.00000  0.00089
-2.86816  0.00000  0.00021
1.99707  0.02734  0.02776
2.32812  0.03906  0.03865
2.56934  0.04980  0.04919
2.33984  0.04004  0.03911
1.82031  0.02344  0.02326
1.16504  0.01172  0.01208
-0.22852  0.00293  0.00300
2.49512  0.04688  0.04568
1.31738  0.01367  0.01407
0.47754  0.00586  0.00607
1.52539  0.01660  0.01732
-0.26660  0.00293  0.00289
1.02051  0.01074  0.01045
0.94336  0.00977  0.00968
-0.38770  0.00195  0.00256
2.23730  0.03516  0.03530
-1.85938  0.00000  0.00059
-1.01270  0.00098  0.00137
0.26172  0.00488  0.00489
-1.46484  0.00000  0.00087
-0.44434  0.00195  0.00242
-2.47070  0.00000  0.00032
2.70020  0.05566  0.05607
-0.79297  0.00098  0.00170
-1.75000  0.00000  0.00065
0.19434  0.00391  0.00458
1.08691  0.01074  0.01117
1.51367  0.01660  0.01712
2.58105  0.05078  0.04977

2.18848  0.05859  0.05654
-2.46875  0.00000  0.00054
1.94141  0.04785  0.04417
-0.73633  0.00293  0.00304
-0.87598  0.00195  0.00264
-1.25586  0.00098  0.00181
-0.08398  0.00586  0.00583
-2.15820  0.00000  0.00073
-2.89258  0.00000  0.00035
-2.72168  0.00000  0.00042
-2.70117  0.00000  0.00043
1.50098  0.02930  0.02843
-1.59570  0.00098  0.00129
0.69141  0.01270  0.01265
-0.16895  0.00488  0.00535
1.76172  0.03906  0.03690
-1.51172  0.00098  0.00140
0.33008  0.00879  0.00882
1.16504  0.02148  0.02032
0.86426  0.01465  0.01504
-2.14355  0.00000  0.00074
2.42090  0.07617  0.07134
-1.55957  0.00098  0.00133
-2.30566  0.00000  0.00063
0.15820  0.00684  0.00742
-2.40332  0.00000  0.00057
0.50391  0.01074  0.01049
-2.44922  0.00000  0.00055
1.80566  0.04102  0.03856
-1.16895  0.00195  0.00197
0.52539  0.01074  0.01072
-1.36816  0.00098  0.00161
0.51758  0.01074  0.01063
2.61230  0.09375  0.08639
1.58984  0.03125  0.03107
-0.00391  0.00586  0.00631
1.86621  0.04395  0.04097
-2.01953  0.00000  0.00084
-2.67773  0.00000  0.00044
2.31445  0.06641  0.06414
-2.76953  0.00000  0.00040
1.29980  0.02441  0.02325
2.11230  0.05469  0.05240
-1.13379  0.00195  0.00204
1.74902  0.03906  0.03644
2.42969  0.07715  0.07197
0.49414  0.01074  0.01039
-0.39551  0.00391  0.00427
-2.39160  0.00000  0.00058
-0.07617  0.00586  0.00587
-2.44336  0.00000  0.00055
-0.58984  0.00293  0.00351
-2.81543  0.00000  0.00038
1.50195  0.02930  0.02846
1.56055  0.03027  0.03018
-0.10645  0.00586  0.00570
0.14160  0.00684  0.00730
-1.38867  0.00098  0.00158
1.49512  0.02930  0.02827
-2.68750  0.00000  0.00043
1.13184  0.02051  0.01966
-2.86133  0.00000  0.00036
1.59277  0.03223  0.03117
-1.47363  0.00098  0.00145

-1.02148  0.00098  0.00173
0.42188  0.00684  0.00731
2.54102  0.06152  0.06082
-0.97363  0.00098  0.00181
-2.61914  0.00000  0.00035
-2.73828  0.00000  0.00031
-0.69727  0.00195  0.00239
-2.04004  0.00000  0.00062
2.21387  0.04688  0.04385
-0.94629  0.00098  0.00186
2.50684  0.06055  0.05877
-0.46094  0.00293  0.00302
2.73926  0.07910  0.07415
-2.07812  0.00000  0.00060
-1.41797  0.00098  0.00116
-2.26562  0.00000  0.00050
1.88086  0.03223  0.03143
-1.55664  0.00098  0.00101
-2.83594  0.00000  0.00028
-1.46191  0.00098  0.00111
0.09668  0.00488  0.00528
2.94238  0.09766  0.09085
-1.22070  0.00098  0.00141
1.61914  0.02539  0.02419
2.30566  0.05078  0.04806
-0.31445  0.00293  0.00350
-0.62402  0.00195  0.00257
-0.37402  0.00293  0.00330
1.71484  0.02734  0.02662
-0.47266  0.00293  0.00299
0.58691  0.00879  0.00862
-0.67480  0.00195  0.00244
1.11328  0.01465  0.01459
2.75586  0.08105  0.07539
-0.62207  0.00195  0.00257
-0.10547  0.00391  0.00431
-1.34082  0.00098  0.00125
-0.84863  0.00195  0.00205
1.07324  0.01367  0.01401
-2.89844  0.00000  0.00026
-1.90039  0.00000  0.00072
2.73535  0.07910  0.07386
2.62109  0.06836  0.06589
-1.66406  0.00000  0.00091
0.68945  0.00977  0.00955
-1.84277  0.00000  0.00076
-2.17871  0.00000  0.00054
1.28613  0.01758  0.01734
-1.86816  0.00000  0.00074
0.32129  0.00684  0.00661
0.98535  0.01270  0.01284
1.67383  0.02637  0.02555
2.61523  0.06836  0.06550
1.12012  0.01465  0.01469
-1.21875  0.00098  0.00142
-1.83496  0.00000  0.00076
-0.53809  0.00293  0.00280
0.08789  0.00488  0.00523
-0.16406  0.00391  0.00407
1.29785  0.01855  0.01754
-2.98535  0.00000  0.00024
1.93359  0.03418  0.03313
-0.84766  0.00195  0.00205
0.73047  0.01074  0.00995

1.44922  0.01367  0.01458
-2.61035  0.00000  0.00025
-2.88477  0.00000  0.00019
-1.28711  0.00000  0.00094
-0.70605  0.00098  0.00169
-2.81250  0.00000  0.00021
1.73828  0.01953  0.01947
2.42090  0.03906  0.03852
-0.10840  0.00293  0.00307
-0.96973  0.00098  0.00130
2.39844  0.03809  0.03767
-0.72852  0.00098  0.00165
-0.13184  0.00293  0.00300
-0.28906  0.00195  0.00256
0.08496  0.00293  0.00373
1.22070  0.01172  0.01160
-2.71680  0.00000  0.00023
2.07227  0.02734  0.02718
-0.40039  0.00195  0.00229
-2.22461  0.00000  0.00037
2.62402  0.04785  0.04720
1.87988  0.02246  0.02243
1.42188  0.01367  0.01419
0.79980  0.00684  0.00762
-1.58105  0.00000  0.00070
-0.75781  0.00098  0.00160
0.68066  0.00684  0.00676
1.94727  0.02441  0.02399
0.71484  0.00684  0.00700
-1.03809  0.00098  0.00121
2.19824  0.03027  0.03083
-2.80859  0.00000  0.00021
-1.67480  0.00000  0.00064
1.19922  0.01074  0.01135
2.67969  0.05078  0.04990
-0.57422  0.00098  0.00193
-0.27344  0.00195  0.00260
1.57910  0.01562  0.01660
2.76953  0.05469  0.05459
-0.19922  0.00195  0.00280
2.02246  0.02539  0.02586
2.03906  0.02637  0.02630
2.27148  0.03223  0.03318
-0.47363  0.00195  0.00213
1.77734  0.02051  0.02024
-1.66797  0.00000  0.00065
0.61133  0.00586  0.00631
-2.78711  0.00000  0.00021
2.80664  0.05664  0.05666
-1.89160  0.00000  0.00052
0.17383  0.00391  0.00407
1.04395  0.00977  0.00972
2.30664  0.03418  0.03436
1.00879  0.00879  0.00939
2.84766  0.05859  0.05903
1.16211  0.01074  0.01094
0.82422  0.00684  0.00780
2.81738  0.05664  0.05727
-2.56152  0.00000  0.00026
2.89941  0.06055  0.06217
2.92578  0.06152  0.06383
-0.02734  0.00293  0.00333
0.69141  0.00684  0.00683
1.95898  0.02441  0.02427

0.09473  0.00391  0.00438
-0.23047  0.00293  0.00317
-2.09277  0.00000  0.00049
-2.58105  0.00000  0.00030
2.45117  0.04883  0.04628
2.99219  0.08496  0.07949
2.55762  0.05371  0.05147
-2.26367  0.00000  0.00041
-0.43262  0.00195  0.00259
1.90332  0.02734  0.02676
2.91406  0.07812  0.07352
-0.99805  0.00098  0.00147
-1.79688  0.00000  0.00066
-0.75293  0.00098  0.00188
1.94043  0.02832  0.02777
-1.22559  0.00098  0.00117
-2.17480  0.00000  0.00045
1.74512  0.02441  0.02284
2.24121  0.04004  0.03751
-0.92285  0.00098  0.00159
-0.64844  0.00195  0.00209
-1.84570  0.00000  0.00063
-1.96582  0.00000  0.00056
-2.77832  0.00000  0.00025
0.20117  0.00488  0.00488
-2.97266  0.00000  0.00020
2.60059  0.05566  0.05373
-2.57617  0.00000  0.00030
-2.63477  0.00000  0.00029
1.65820  0.02246  0.02094
-0.86133  0.00098  0.00169
2.52734  0.05273  0.04994
-1.56934  0.00000  0.00083
0.56934  0.00684  0.00705
-0.93457  0.00098  0.00157
-0.06152  0.00293  0.00375
2.56348  0.05469  0.05178
-2.00098  0.00000  0.00054
2.00977  0.03027  0.02976
2.95215  0.08203  0.07637
1.92383  0.02832  0.02731
-0.91992  0.00098  0.00159
-2.46484  0.00000  0.00034
-1.43262  0.00000  0.00095
-1.69043  0.00000  0.00074
-2.00000  0.00000  0.00054
2.23047  0.03906  0.03711
0.21973  0.00488  0.00497
1.03906  0.01172  0.01127
1.62012  0.02148  0.02016
0.29980  0.00488  0.00538
-0.20996  0.00293  0.00323
1.33887  0.01465  0.01522
-0.81543  0.00098  0.00176
-0.31543  0.00293  0.00291
-2.91895  0.00000  0.00022
-0.34863  0.00293  0.00281
2.85254  0.07227  0.06913
-2.59863  0.00000  0.00030
-1.36914  0.00098  0.00101
1.00000  0.01074  0.01084
2.78125  0.06641  0.06437
-1.56055  0.00000  0.00084
1.86133  0.02637  0.02566

-2.92090  0.00000  0.00020
2.55371  0.04980  0.04824
-2.95312  0.00000  0.00020
-1.79688  0.00000  0.00062
0.87500  0.00879  0.00900
0.00391  0.00293  0.00377
0.58594  0.00684  0.00674
-0.74707  0.00098  0.00178
2.41797  0.04395  0.04212
2.64258  0.05371  0.05273
-2.69043  0.00000  0.00025
1.28027  0.01367  0.01350
2.17969  0.03320  0.03319
1.00488  0.01074  0.01025
-2.48438  0.00000  0.00031
-2.51660  0.00000  0.00030
-1.42285  0.00000  0.00090
1.74414  0.02246  0.02147
2.51367  0.04785  0.04635
-1.77441  0.00000  0.00064
-1.47266  0.00000  0.00086
-1.86816  0.00000  0.00058
-0.08496  0.00293  0.00345
1.42676  0.01465  0.01563
-0.43066  0.00195  0.00244
2.30859  0.03906  0.03776
2.31934  0.04004  0.03816
0.72949  0.00684  0.00778
2.43652  0.04492  0.04291
2.85254  0.06543  0.06505
-2.86719  0.00000  0.00021
1.37891  0.01465  0.01490
-0.34277  0.00195  0.00266
-2.28223  0.00000  0.00038
2.60059  0.05176  0.05056
0.39648  0.00586  0.00558
2.58301  0.05176  0.04968
0.99512  0.00977  0.01015
0.01660  0.00293  0.00382
-2.17578  0.00000  0.00043
2.20410  0.03418  0.03401
2.29102  0.03809  0.03710
-2.82129  0.00000  0.00022
1.98633  0.02734  0.02736
-1.18262  0.00098  0.00115
-0.11035  0.00293  0.00336
0.50488  0.00586  0.00622
-0.65527  0.00098  0.00195
-2.43262  0.00000  0.00033
0.97559  0.00977  0.00996
-1.44238  0.00000  0.00089
-1.28320  0.00098  0.00104
-1.64160  0.00000  0.00073
2.15332  0.03223  0.03233
-0.78027  0.00098  0.00172
2.74316  0.05859  0.05831
2.17676  0.03320  0.03309
-1.85059  0.00000  0.00059
-2.39453  0.00000  0.00034
2.94727  0.07324  0.07151
-1.43359  0.00000  0.00089
0.18359  0.00391  0.00451
-0.42969  0.00195  0.00244
1.87109  0.02539  0.02438

-2.97266  0.00000  0.00038
-2.04883  0.00000  0.00095
-2.95215  0.00000  0.00039
-0.16699  0.00586  0.00625
-0.57715  0.00391  0.00415
1.78516  0.04688  0.04403
-1.47363  0.00098  0.00169
-0.16016  0.00586  0.00629
-0.12695  0.00586  0.00651
0.02832  0.00684  0.00760
-2.47656  0.00000  0.00062
-0.75391  0.00293  0.00348
-1.74512  0.00098  0.00129
-2.89844  0.00000  0.00041
2.67285  0.11133  0.10697
1.05273  0.02246  0.02117
-1.13281  0.00195  0.00238
0.85547  0.01758  0.01738
2.01562  0.05664  0.05544
-0.76074  0.00293  0.00345
-1.42871  0.00098  0.00177
0.98535  0.02051  0.01979
-0.04590  0.00684  0.00706
0.07812  0.00781  0.00799
1.10254  0.02344  0.02225
2.28418  0.07617  0.07252
-1.75781  0.00098  0.00127
-2.32812  0.00000  0.00072
2.23242  0.07129  0.06886
-1.96484  0.00098  0.00104
-0.59863  0.00391  0.00406
2.54590  0.09961  0.09421
0.25879  0.00977  0.00957
-3.00000  0.00000  0.00037
-1.85449  0.00098  0.00116
0.43262  0.01172  0.01138
-0.53516  0.00391  0.00433
-2.00879  0.00098  0.00099
1.66797  0.04102  0.03916
-1.21680  0.00195  0.00219
-1.98438  0.00098  0.00102
1.44629  0.03125  0.03137
-2.87500  0.00000  0.00042
1.70312  0.04297  0.04056
0.53320  0.01270  0.01259
0.81641  0.01660  0.01671
-0.28711  0.00586  0.00554
2.23535  0.07129  0.06906
1.68945  0.04199  0.04001
-0.22363  0.00586  0.00591
-2.44727  0.00000  0.00064
-0.00391  0.00684  0.00736
-2.01953  0.00098  0.00098
-1.22363  0.00195  0.00217
-1.94727  0.00098  0.00105
0.14941  0.00879  0.00858
0.48145  0.01270  0.01195
-1.70605  0.00098  0.00134
1.45703  0.03223  0.03171
-1.08594  0.00195  0.00249
0.71094  0.01465  0.01504
1.02930  0.02148  0.02068
-1.33789  0.00195  0.00194
0.24023  0.00977  0.00939

-1.15137  0.00098  0.00109
0.22949  0.00391  0.00432
-2.65234  0.00000  0.00024
0.95605  0.00879  0.00894
2.44727  0.04102  0.03972
-2.36816  0.00000  0.00032
-2.64941  0.00000  0.00024
-0.76074  0.00098  0.00161
0.17188  0.00391  0.00408
-2.51074  0.00000  0.00028
-2.46094  0.00000  0.00029
-0.77246  0.00098  0.00159
-1.94727  0.00000  0.00049
1.64355  0.01758  0.01778
1.18457  0.01172  0.01124
-0.10645  0.00293  0.00309
1.57715  0.01660  0.01664
2.24023  0.03125  0.03229
2.86914  0.05957  0.06057
2.72363  0.05371  0.05236
1.86621  0.02246  0.02222
0.69824  0.00684  0.00691
-2.09570  0.00000  0.00042
-2.57520  0.00000  0.00026
0.10840  0.00293  0.00383
-0.12988  0.00293  0.00302
1.21875  0.01172  0.01163
-2.99121  0.00000  0.00017
0.19922  0.00391  0.00419
1.51074  0.01465  0.01557
-1.72852  0.00000  0.00061
-1.48047  0.00000  0.00078
-2.05469  0.00000  0.00044
-2.33789  0.00000  0.00033
0.93945  0.00879  0.00879
2.56152  0.04590  0.04453
-1.74414  0.00000  0.00060
2.82520  0.05762  0.05796
0.37012  0.00488  0.00498
-2.49609  0.00000  0.00028
-0.76172  0.00098  0.00160
2.79590  0.05664  0.05629
-0.83008  0.00098  0.00150
2.50488  0.04395  0.04208
-1.72363  0.00000  0.00061
2.12207  0.02832  0.02869
1.30469  0.01270  0.01267
2.74023  0.05371  0.05324
1.10645  0.01074  0.01039
-2.62793  0.00000  0.00025
0.81348  0.00684  0.00775
1.54688  0.01562  0.01614
-2.17285  0.00000  0.00039
2.84180  0.05859  0.05893
0.30762  0.00391  0.00467
1.06738  0.00977  0.00999
2.27148  0.03320  0.03332
2.22461  0.03125  0.03179
0.36035  0.00488  0.00493
-2.45508  0.00000  0.00030
2.87598  0.06055  0.06098
2.55371  0.04590  0.04418
2.72852  0.05371  0.05262
1.85449  0.02246  0.02196

