12
10
24
28
13
25
8
15
26
40
23
39
25
26
29
26
21
44
14
21
41
17
10
20
18
35
35
28
19
13
35
38
10
39
27
14
31
40
27
23
25
30
26
19
21
18
23
17
14
25
42
30
22
18
27
10
32
14
14
37
27
38
21
31
24
22
22
11
14
17
41
36
13
29
19
15
15
22
33
53
24
26
24
29
27
28
27
26
38
22
22
21
17
23
32
30
33
30
30
12
25
26
23
18
55
39
24
28
28
24
14
20
9
8
35
21
20
31
26
20
32
26
11
13
38
28
25
39
40
21
16
20
20
46
25
43
15
11
12
14
22
21
20
20
24
33
28
30
23
38
14
26
34
15
12
40
20
21
36
16
35
7
31
54
17
26
39
13
15
16
12
11
27
27
22
21
24
37
22
10
17
25
33
15
52
26
27
28
24
29
41
38
29
29
29
10
21
12
35
38
41
40
19
4
34
12
20
12
14
30
44
26
17
34
44
33
30
41
19
35
33
10
35
25
34
25
16
23
20
15
23
41
53
18
13
40
34
21
19
20
22
16
14
16
39
31
41
44
25
18
17
18
13
32
25
25
12
21
19
32
31
25
48
21
24
31
44
23
26
26
11
12
12
14
45
17
34
28
22
22
31
15
35
21
12
19
22
44
36
4
23
33
34
44
49
16
34
20
16
26
13
44
13
11
34
19
12
30
21
17
21
10
18
15
23
14
22
31
23
17
8
9
10
10
35
27
18
14
15
26
16
20
24
28
50
34
35
26
29
20
33
25
36
12
19
47
16
22
9
33
28
30
20
18
14
12
34
26
41
25
17
25
27
24
20
28
29
17
16
31
36
29
47
18
28
21
32
11
39
20
19
31
20
14
50
35
15
20
18
21
25
35
21
10
46
24
13
27
16
24
25
32
29
10
25
20
40
15
32
29
31
27
19
20
25
30
7
26
42
11
18
26
42
19
12
25
42
41
15
30
24
8
18
29
10
11
18
41
53
27
48
32
31
22
44
18
35
28
24
6
39
47
40
38
23
37
30
22
45
49
37
23
6
29
20
36
29
41
18
20
19
24
31
36
13
40
25
28
18
15
37
9
40
41
27
22
27
23
40
18
10
41
10
7
35
24
17
23
23
37
15
25
34
21
11
17
17
19
27
26
23
30
32
44
37
24
14
28
16
19
38
27
28
16
42
14
20
14
24
34
29
48
30
30
11
9
25
29
31
8
12
12
12
34
28
24
37
30
26
10
18
25
27
28
8
39
22
30
35
17
21
38
19
22
22
22
26
29
47
19
31
39
18
7
22
40
26
17
7
23
29
27
53
9
32
22
27
24
37
20
30
12
28
27
38
39
25
33
29
8
27
8
13
24
27
16
10
12
32
36
16
12
31
28
18
43
33
44
32
18
32
25
29
16
16
18
18
9
39
18
22
14
11
18
26
8
29
15
31
13
24
22
32
17
42
27
26
10
36
36
12
29
5
27
28
16
17
20
10
23
34
29
15
32
38
28
19
10
18
21
22
40
24
37
21
9
32
22
37
16
25
14
24
31
19
21
19
20
34
28
18
39
39
23
12
30
34
21
43
13
26
44
27
49
27
20
9
16
24
23
19
26
11
30
25
37
40
26
15
25
30
13
40
28
17
26
32
30
27
25
39
13
23
35
14
27
19
24
13
24
41
11
51
35
7
23
8
36
22
32
33
10
32
20
16
22
9
41
49
37
42
20
18
48
17
18
35
19
30
20
14
41
36
9
25
29
31
34
14
22
15
12
36
25
20
27
39
18
33
44
8
46
9
30
28
36
35
42
41
21
54
15
19
30
47
34
21
13
13
33
16
44
23
34
25
11
25
12
19
39
31
20
10
18
27
32
15
31
43
11
32
15
20
21
14
32
27
13
20
14
30
20
17
8
29
33
14
40
14
32
36
28
7
19
35
19
25
41
40
20
49
33
52
45
11
24
34
12
12
18
19
31
